144 80 3
172 184 3
87 64 3
96 30 3
55 28 1
176 52 2
20 20 2
172 27 3
93 126 2
35 139 3
165 16 1
20 28 2
47 62 2
22 145 2
90 186 3
185 88 2
186 59 1
178 9 3
37 183 1
164 49 3
90 11 2
158 91 1
26 170 1
198 138 1
143 142 3
9 106 3
119 142 3
72 153 2
38 0 3
7 193 3
21 110 2
56 77 3
58 130 3
67 115 1
159 107 2
88 159 3
181 123 2
38 187 2
52 13 2
141 28 1
55 88 1
8 135 2
50 126 3
136 75 3
198 194 2
10 12 3
33 124 3
97 61 1
167 89 2
172 163 2
147 93 1
27 33 2
171 142 2
163 168 1
84 109 3
167 58 1
161 198 3
22 23 1
58 132 2
150 160 3
21 160 1
190 71 2
176 58 3
11 198 2
37 23 3
48 140 1
195 195 3
52 35 2
66 110 1
27 11 1
7 179 2
138 133 1
142 39 3
113 44 1
71 177 2
98 4 2
159 61 1
69 62 2
184 154 3
47 31 1
61 189 2
167 107 3
63 121 2
104 112 2
138 81 2
179 88 3
108 72 3
66 7 3
126 85 2
77 145 1
195 129 2
83 200 1
199 58 3
155 88 3
165 45 2
58 13 2
159 197 3
162 81 2
27 176 3
8 107 3